A = [ 8.9 7.3 4.8 2.4; 2.3 6.5 8.9 1.2 ;4.9 3.8 7.2 7.5; 9.8 3.4 7.5 8.9]
B = [1.2 5.7 4.2 1.4; 6.3 2.5 8.1 3.1 ; 6.4 2.8 7.1 8.1; 3.2 5.1 7.2 6.2]
C = [5.6 48.2 15.5 1.4; 1.48 1.56 1.16 1.54; 1.54 8.26 465.5 13.5; 86.1 56.5 156. 13.5]

D = A + B
E = D - C
F= A*B
G= A/B
H = A./B
I= A'
B = B
C = C
D = D
C = D - C
